4794
4529
4361
4694
4438
4520
4669
4318
4147
5057
4682
4187
4563
4594
4690
4419
4753
4918
4304
4620
4373
4521
4393
4642
4620
4578
4427
4760
4480
4635
4638
4406
4481
4497
4706
4553
4728
4842
5139
4674
4242
4554
4412
4631
4137
4193
4188
4315
4527
4410
4386
4508
4557
4345
4265
4235
4382
4624
4590
4166
4394
4496
4162
4053
4061
3979
4176
4149
4221
4391
4073
4096
4228
4275
4277
4423
4523
4488
4625
4464
4398
4460
4619
4770
4675
4529
4777
4597
4414
4304
4337
4493
4434
4476
4457
4355
4604
4326
4394
4290
4677
4499
4506
4440
4525
4337
4444
4664
4686
4635
4355
4525
4646
4638
4680
4206
4621
4382
4543
4577
4229
4517
4839
4603
4676
4588
4584
4451
4588
4429
4596
4521
4574
4789
4452
4785
4683
4829
4582
4757
4595
4605
4236
4647
4641
4669
4639
4418
4323
4694
4658
4671
4864
4805
4756
4833
4776
4541
4526
4458
5131
4893
4444
4483
4647
4294
4850
4620
4724
4773
4456
4701
4859
4599
4562
4699
5002
4562
4348
4575
4019
4326
4312
4276
4199
4532
4271
4193
4374
4542
4861
4722
4755
4743
4608
4801
4775
4752
4841
4858
6009
4666
4331
4338
4473
4370
4735
4356
4639
4407
4696
4485
4784
4321
4513
4332
4063
4204
3999
4119
4205
3989
4169
3984
4020
4122
4107
4039
3998
4296
4082
3995
4040
3933
4036
4015
4391
3964
4001
4084
4153
4112
4098
4038
4060
4046
4051
4066
4089
3994
3999
4041
4175
4126
3976
4014
3968
4004
3987
4437
4526
4036
4222
5007
4222
4063
3835
4059
4115
4041
3972
4090
4037
4223
4118
3984
4236
4073
4255
4337
4126
4225
4344
4230
4332
4278
4271
4293
4320
4028
4104
4034
4533
4182
4645
4945
4666
4257
4363
4952
4633
4751
4745
4751
4654
5050
4546
4205
4036
4548
4609
4611
4762
4648
4741
4201
4559
4315
4267
4320
4684
4617
4717
4466
4126
4684
4657
4615
4331
4397
4655
4623
4406
4355
4671
4711
4732
4768
4723
4520
4729
4850
4423
4506
4593
4586
4904
4799
4722
4498
4412
4757
4340
4344
4530
5090
4287
4478
4777
4530
4537
4568
4636
4846
4714
4594
4803
4855
4211
3960
4658
4389
4485
4527
4429
4581
4767
4739
4730
4756
4708
4745
4778
4578
5087
4915
5099
4822
4709
4614
4669
4597
4483
4402
4662
4465
4748
4639
4573
4593
4724
4787
4741
4683
4772
4811
4736
4732
4652
4770
4595
4705
4763
4664
4642
4744
4718
4715
4669
4609
4817
4591
4681
4778
4761
4644
4804
4785
4641
4721
4834
4826
4774
4691
4705
4678
4685
4448
4768
4573
4691
4712
4721
4652
4722
4718
5195
4837
4453
4696
4563
4742
5081
4540
4496
4847
4902
4987
4903
4654
4845
4843
4981
4913
4928
4818
4898
4931
4941
5004
4858
4892
4666
4902
4896
4954
4937
4917
4937
4849
4928
4814
4896
4918
4764
4626
4893
4884
5029
4901
4854
4903
4933
4480
4080
4555
4415
4420
4360
4456
4523
4543
4870
4796
4769
4594
4446
4525
4367
4442
4703
4640
4594
4653
4645
4476
4676
4413
4445
4597
5374
4373
4962
4788
5008
4776
4962
5152
4993
4994
5055
4983
4149
4999
5076
5266
5063
5014
5377
4865
4945
4936
5101
4912
5020
4833
5042
5069
5044
4869
4646
5269
4854
5000
5041
4993
5006
4807
3998
4651
4639
4633
4662
4627
4663
4696
4694
4703
4676
4657
4658
4676
4636
4459
4642
4485
4656
4603
4575
4658
4666
4687
4377
4559
4600
4634
4657
4654
4633
4595
4627
4679
4628
4600
4691
4606
4597
4638
4642
4635
4687
4644
4645
4644
4621
4613
4652
4646
4564
4610
4625
4669
4707
4677
4665
4697
4758
4740
4595
4679
4738
4753
4722
4745
4725
4701
4712
4763
4688
4679
4710
4726
4742
4662
4700
4689
4704
4671
4667
4670
4686
4710
4759
4580
4827
4552
4601
4681
4546
4051
4508
4513
4596
4591
4536
4584
4560
4680
4506
4561
4634
4479
4623
4718
4699
4653
4660
4650
4438
4622
4705
4601
4591
4690
4663
4689
4532
4583
4589
4618
4701
4656
4608
4679
4300
4660
4741
4745
4760
4744
4729
4719
4741
4727
4640
4734
4730
4777
4512
4666
4715
4708
4709
4739
4727
4730
4716
4599
4549
4692
4706
4595
4693
4714
4685
4702
4757
4726
4661
4744
4609
4734
4780
4807
4412
4712
4646
4544
4725
4656
4554
4449
4563
4446
4496
4565
4675
4412
4495
4699
4702
4588
4880
4794
4898
4803
4608
4630
4678
4687
4627
4746
4745
4657
4646
4649
4539
4583
4778
4514
4596
4563
4759
4420
4536
4291
4694
4279
4827
4649
4566
4997
5295
4970
4553
4013
4219
4163
4178
3855
4604
4884
4920
4652
4701
4394
4425
4719
4552
4090
4369
4592
4834
4974
5006
5044
5089
5011
5060
5080
4909
4974
5057
5696
4963
4839
4977
4949
5104
4997
4781
4926
4819
4875
5062
5060
5111
5046
5121
5065
5037
4998
5076
4411
4728
4609
4624
4714
4722
4711
4669
4630
4572
4604
4679
4436
4409
4797
4753
4924
4620
4748
5028
5100
4903
4627
4840
4887
4833
4819
4864
5005
5098
5001
4995
5065
4995
4279
4216
4465
4170
4878
4408
4284
4471
4357
4315
4355
4278
4392
4691
4433
4311
4460
4331
4448
4404
4406
4402
4447
4375
4437
4446
4474
4478
4480
4465
4351
4362
4712
4872
4493
4314
4791
4728
4512
4164
4902
4500
4526
4543
4861
4791
4606
4701
4561
4414
4906
4382
4583
4503
4497
4597
4497
4643
4404
4333
4337
4541
4311
4515
4533
4331
5125
4567
4370
4905
4450
4486
4489
4628
4519
4295
4551
4581
4419
4451
4414
4472
4580
4577
4514
4555
4698
4446
4516
4560
4544
4565
4766
4420
4602
4607
4256
4347
4435
4516
4589
4534
4603
4626
4578
4586
4624
4652
4679
4747
4875
4321
4598
4966
4668
4671
4746
4821
4540
4688
4685
4583
4542
4601
4508
4622
4405
5030
4675
4697
4731
4766
4778
4679
4759
4820
4750
4742
4760
4782
4702
4764
4326