4861
4422
4140
3825
3908
4267
4234
4253
4173
4538
4332
3997
4242
4393
4199
4686
4617
4654
4638
4400
4502
4568
5626
4917
4286
4707
4687
4609
4373
4024
4843
4732
4587
4372
4250
4550
4413
3848
4000
4225
4134
4617
4735
4324
4086
4320
4204
4221
3742
4106
4438
4603
4453
4623
4604
4455
4671
4568
4678
4759
4662
4640
4678
4682
4753
4596
4757
4779
4706
4759
4749
4707
4762
4691
4654
4738
4730
4729
4657
4694
4531
4321
4243
4460
4702
4750
4432
4610
4639
4869
4484
3931
4456
4384
4740
4689
4710
4708
4713
4637
4706
4726
4729
4774
4712
4446
4537
4761
4674
4681
4753
4688
4683
4686
4696
4698
4758
4715
4437
4225
4154
3764
3776
4282
4104
4081
4316
4324
4372
4073
4258
3869
3772
4002
4159
4334
4452
3937
3939
4138
4206
3761
4025
3746
4299
3994
4339
4183
4271
4305
4369
4223
4184
4457
4167
4359
4386
3929
3917
4276
4617
4625
4648
4453
4593
4469
4570
4639
4634
4631
4682
4550
4646
4525
4359
4612
4419
4637
4579
4531
4564
4477
4617
4611
4440
4685
4737
4600
4061
4501
4223
4667
4715
4108
4084
4599
4478
4679
4563
4102
4323
4302
4316
3827
4678
4021
4444
4268
3931
3801
4384
4433
4381
4169
4171
4714
4434
3678
4074
3921
3939
4163
4156
4058
3935
4129
4182
3936
3990
3942
3955
4053
4228
4180
4462
3876
3760
4167
4101
4213
4394
4391
4225
4371
4084
4038
4239
3779
4019
3829
3733
3916
4165
3942
4007
3734
4110
4318
4189
4026
3893
4189
3987
3855
4374
4349
3921
3903
4083
4112
4085
4125
4193
4124
4047
3939
3791
3882
3950
3889
4006
4189
4109
4223
4287
4177
4102
4056
4025
3964
4394
4375
4401
3951
4277
4423
4156
3963
4110
3887
3913
3827
4281
4190
4129
4164
4024
3992
4067
3941
3925
3906
4344
4073
4492
3983
4191
4400
4143
4470
4632
3963
3949
4420
4321
4205
3999
3480
4070
4263
4198
4246
4433
4588
4552
4492
4537
4509
4447
4497
4573
4523
4560
4513
4565
4544
4631
4595
4571
4550
4470
4315
3579
3481
4174
4394
4537
4408
4639
4547
4620
4626
4679
4565
4612
4647
4621
4616
4545
4374
4097
4031
4533
4684
4160
4333
3812
4326
4269
4039
3911
4079
4201
4324
4188
4150
4353
4262
4125
3794
4325
4204
4267
4630
4582
4508
4183
4170
4112
4006
4155
4224
4010
4094
4433
3974
4094
3607
3948
3891
3848
4023
4054
3815
4026
4054
3839
4085
3712
3804
3994
3641
3593
3676
3775
3751
3763
3682
3762
3681
3649
3479
3674
3556
3781
3414
3619
3666
3650
3661
3700
3637
3608
4009
3901
3929
3615
3770
3836
3682
3631
3664
3554
3529
3689
3730
3586
3750
3629
3867
3597
3701
3712
3713
3735
3635
3719
3726
3711
3735
3727
3698
3721
3731
3689
3697
3583
3671
3683
3719
3711
3627
3694
3922
3652
3757
3749
3503
3486
3457
3578
3431
3424
3440
3441
3686
3643
3627
3674
3662
3681
3656
3679
3688
3718
3749
3710
3721
3712
3521
3595
3679
3581
3529
3704
3677
3688
3697
3682
3727
3753
3572
3607
3544
3908
3737
3747
3678
3628
3621
3573
3538
3557
3526
3536
3596
3620
3534
3530
3456
3847
3681
3655
3675
3688
3555
3638
3646
3645
3688
3691
3653
3522
3488
3538
3503
3524
3568
3840
3778
3620
3505
3603
3923
3742
3688
3701
3693
3711
3490
3552
3635
3652
3526
3585
3517
3554
3760
3561
3588
3531
3545
3561
3584
3574
3546
4041
3816
3674
3638
3707
3518
3515
3563
3534
3562
3527
3542
3531
3553
3603
3562
3607
3497
3491
3474
3548
3590
3528
3534
3581
3615
3616
3568
3482
3601
3615
3520
3556
3501
3588
3605
3597
3580
3808
3836
3780
3746
3806
3632
3612
3512
3681
3867
3672
3586
3566
3687
3682
3661
3656
3588
3483
3499
3670
3753
4267
3600
3557
3536
3538
3444
3532
3524
3475
3504
3573
3599
3636
3527
3544
3518
3802
3602
3518
3471
3552
3455
4100
3697
3631
3746
3675
3709
3676
3661
3594
3585
3587
3607
3477
3663
3605
3602
3663
3650
3553
3451
3672
3610
3546
3597
3482
3898
3562
3537
3518
3481
3766
3707
3737
3682
3614
3578
3871
3747
3677
3668
3725
3707
3760
3744
3723
3662
3706
3587
4464
4327
4075
4563
4252
4259
3986
3602
4177
4153
3811
4220
3756
3584
3988
3638
3606
3627
3592
3626
3697
3692
3758
3704
3643
3668
3724
3700
3730
3671
3662
3720
3748
3689
3850
3738
3697
3660
3706
3677
3740
3580
3561
3761
3694
3623
3687
3687
3704
3648
3664
3652
3620
3597
3582
3526
3660
4503
3989
3610
3661
3691
3674
3611
3839
3644
3661
3529
3656
3459
3405
3462
3516
3804
3587
3642
3586
3660
3667
3667
3672
3671
3724
3667
3676
3696
3654
3885
3692
3747
3722
3500
3535
3541
4164
3672
3574
3602
3565
3805
3744
3812
3926
3885
3704
3753
3731
3691
3721
3750
3727
3692
3681
3750
3709
3748
3730
3735
3713
3694
3843
3768
3587
3565
3567
3540
3623
3604
3673
3873
3609
3573
3528
3641
3554
3480
3558
3581
3568
3578
3525
3925
3657
3636
3960
3577
3415
3490
3546
3734
3778
3714
3717
3744
3665
3646
3547
3523
3645
3752
3505
3609
3548
3404
3827
3790
3697
3768
3648
3656
3835
3666
3624
3832
3629
4056
3687
3444
3561
3925
3524
3549
3667
3668
3543
3500
3540
3596
3616
3566
3537
3854
3720
3877
3555
3667
3615
3955
3579
3658
3697
3748
3679
3527
3689
3610
3676
3695
3637
3583
3699
3648
3729
3665
3638
3657
3680
3654
3685
3713
3781
3732
3481
3942
3833
3640
3541
3665
3606
3668
3793
3658
3709
3635
3476
3551
3542
3638
3643
3555
3613
3620
3608
3641
3681
3550
3705
3696
3689
3657
3678
3680
3688
3617
3734
4095
4059
3750
3669
3677
3733
3745
3741
3654
3622
3647
3629
3638
3674
3701
3687
3697
3660
3628
3665
3681
3694
3634
3645
3679
3615
3679
3648
3652
