4679
4447
4529
4489
4470
4590
4587
4648
4630
4583
4265
4353
4402
4066
3816
4159
4349
4537
4377
4260
4607
4542
4412
4491
4727
4819
4339
4004
3759
3860
4179
3868
3884
4287
4561
4715
4715
4681
4755
4692
4627
4546
4463
4744
4665
4668
4687
4643
4623
4718
4790
4811
4808
4742
4785
4816
4800
4786
4799
4815
4772
4755
4702
4484
4809
4576
4511
4194
4257
4316
4414
4298
4391
4346
4159
4156
4384
4469
4752
4620
4261
3859
3897
4473
4547
4509
4392
4178
3924
4435
4319
4814
4757
4724
4541
4310
4456
4614
4201
4567
4182
4026
4547
4357
3971
4376
4436
4443
4500
4681
4287
4194
4184
4461
4336
4309
4607
4330
4135
4183
4329
4791
4530
4736
4569
4348
4335
4450
4282
4032
4126
3567
4078
4102
3748
4174
4307
4370
4149
3819
3948
4095
4038
4032
4417
4103
4572
4587
4729
4173
4186
4060
4473
4274
4447
4398
4650
4276
4119
4168
4433
4471
4395
4751
4744
4665
4789
4685
4740
4826
4817
4802
4788
4843
4845
4776
4865
4549
4699
4730
4488
4806
4823
4813
4782
4513
4777
4785
4530
4721
4757
4766
4566
4562
4791
4814
4789
4704
4788
4823
4835
4586
4009
4682
4814
4591
4191
4665
4346
4774
4206
4385
4356
4163
4307
4031
3848
3688
4238
4316
4389
4274
4601
4455
4342
4090
4133
4143
4132
4038
4032
4009
4111
4345
4060
4137
4035
4071
4142
4182
3984
4201
4098
4247
4138
3936
4354
4083
4087
4242
4117
4011
4185
4265
4048
4174
4121
3916
4179
4334
4448
4334
4285
4115
3964
4445
4274
4075
4568
4711
4783
4725
4468
4713
4700
4669
4792
4415
4260
4562
4737
4040
4185
3847
4558
4578
4610
4605
4605
4307
4234
3793
4179
4378
3713
4216
4231
4361
4620
4603
4585
4456
4189
4046
4397
3921
4314
4540
4542
4686
4130
4594
4310
3913
4380
4339
3925
4096
3846
3993
3940
3914
4032
4398
3967
4455
4741
4309
4348
4130
3758
4244
3869
3927
4334
4493
4160
4581
4212
4204
4363
4508
4388
4520
4491
4432
4482
4345
4048
4286
3914
4414
4411
4342
3826
4143
4151
4668
4719
4622
4637
4532
4601
4679
4847
4455
4767
4806
4861
4834
4833
4455
4753
4639
4817
4792
4452
4276
4199
4405
4782
4199
4163
3988
4196
4113
4306
4648
4306
4615
4273
4720
4641
4789
4735
4809
4732
4784
4790
4765
4588
3973
4379
4289
4146
4423
4463
4092
4208
4078
4803
4211
4481
4772
4668
4808
4545
4668
4014
4529
4450
4616
4582
4422
4757
4495
4006
4233
4446
4391
4596
4821
4784
4687
4832
4221
4502
4367
4335
4507
4095
4055
4210
4196
4014
4068
4228
4338
4628
4706
4741
4383
4165
4738
4338
4134
4065
4198
4252
4175
4070
4569
4040
4349
4796
4317
4469
4356
3922
4243
3960
4495
4640
3974
4765
4645
4573
4296
3978
4376
4661
4810
4169
4394
4119
4446
4093
4369
4621
4618
4489
4583
4655
4519
4122
4431
4238
4503
4246
4410
4597
4626
4531
4620
4083
4586
4119
4507
4711
4579
4736
4685
4732
4818
4757
4312
4066
3933
4153
3832
4645
4653
4274
4705
4756
4718
4613
4494
3916
3962
4034
4435
3991
4183
4335
4528
4321
4229
3985
4437
4454
4514
4474
4145
4062
3917
4013
4499
3969
4139
4416
4575
4701
4859
4082
4244
4467
4715
4459
4399
4563
4373
3917
4600
4321
4087
4454
4652
4742
4447
4177
4279
4236
4166
4022
4583
3767
3468
4002
4021
3884
4429
3792
4542
4649
4076
3748
3511
3672
3976
3888
4016
3973
3866
4279
4125
4206
4314
4347
4249
4178
4497
4312
4508
4552
3921
4656
4488
4565
4103
4406
4557
4863
4803
4764
4822
4599
4655
4583
4586
4552
4569
4694
4711
4728
4816
4797
4824
4788
4753
4776
4609
4595
4669
4590
4496
4545
4345
4190
4534
4620
4718
4767
4799
4746
4826
4813
4825
4435
4449
4189
4412
4249
4340
3900
4029
4055
4137
4141
4160
3794
3508
3770
3789
4185
4146
4190
3993
4207
4119
4631
4648
4361
4432
4453
4433
4547
4489
4450
4185
4419
4535
4495
4590
4553
4617
4582
4161
4583
4646
4631
4449
4515
4506
4388
4377
4586
4601
4588
4555
4511
4230
4440
4496
4198
4505
4485
4527
4439
4577
4531
4573
4627
4520
4519
4359
4556
4521
4627
4585
4556
4502
4617
4602
4578
4583
4612
4588
4484
4225
4035
4023
4252
4306
4759
4707
4599
4318
4692
4810
4804
4826
4787
4633
4243
4753
3985
3842
4195
4571
4224
4302
4035
3946
4306
4601
4418
4560
4086
4072
4100
4363
4149
4291
4301
4024
4534
4242
4685
4649
4194
4507
4559
4611
4857
4836
4807
4867
4724
4811
4857
4779
4849
4756
4776
4774
4881
4796
4871
4860
4821
4828
4844
4880
4857
4854
4602
4763
4854
4853
4868
4835
4738
4716
4762
4807
4867
4873
4865
4748
4298
4131
4148
3831
3971
4171
4317
4286
4766
4312
4208
4628
4630
4011
4192
4249
4332
4223
4538
4253
4464
4133
4505
4398
3987
4313
4233
4484
4314
4213
4150
4368
4416
4470
4100
4049
4102
3911
4556
4472
4399
4033
4172
4114
4042
4485
4157
4408
4745
4776
4400
4434
4343
4348
4505
4255
3957
3963
4450
3902
4366
4442
4438
4311
4379
4281
4161
4126
3990
4366
4313
4402
4390
4323
4188
4168
4511
4795
4832
4414
4441
4260
4209
4319
4357
4478
4018
4140
4179
4505
4039
4351
4049
4294
4307
4553
4771
4817
4753
4738
4794
4827
4799
4773
4760
4788
4778
4848
4774
4555
4380
4495
4676
4905
4829
4861
4869
4809
4822
4872
4864
4294
4207
4210
4383
4740
4793
4645
4219
4484
4087
4632
4099
4027
4426
4409
4296
4144
4221
4559
4705
4235
4525
3994
4212
4292
4352
4233
4601
4444
4146
4493
4342
4550
4125
3937
3949
4596
4708
4415
4286
4474
4218
4285
4305
4453
4443
4469
4307
4336
4292
4425
4659
4543
4489
4713
4371
4629
4519
4260
4590
4182
4309
4291
3767
4549
3995
4018
4458
4621